1
2
3
4
5
7
8
9
10
11
12
15
16
17
18
19
30
31
32
33
34
35
36
37
38
40
42
43
44
45
50
51
71
72
120
170
171
190
191
200
201
202
203
204
211
212
213
214
220
221
222
223
224
233
234
241
242
243
251
261
262
264
300
310
320
430
431
432
433
434
440
441
442
500
501
502
503
504
505
506
600
601
602
625
630
631
640
651
652
653
654
661
662
663
664
671
672
673
674
681
682
683
684
691
692
693
694
711
712
713
721
722
723
800
801
802
803
804
812
813
814
900
1000
1001
1010
1011
1021
1060
1110
1150
1151
1210
1300
1500
1501
1502
1503
1505
1506
1507
1520
1530
1531
1540
1541
1625
1651
1652
1653
1654
1661
1662
1663
1664
2117
2200
2201
2202
3000
3010
3015
3020
3030
3035
3040
3050
3060
3070
3080
4000
4001
4002
4010
4011
4012
4020
4021
4022
4050
4070
4071
4072
4080
4081
4082
4085
4086
4087
4090
4091
4092
4100
4101
4102
4110
4111
4112
4120
4121
4122
4130
4131
4132
4140
4141
4142
4150
4151
4152
4160
4161
4162
4170
4171
4172
4180
4181
4182
4190
4191
4192
4200
4201
4202
4210
4220
4225
4230
4231
4240
4241
4242
4250
4251
4252
4260
4261
4262
4270
4271
4272
4275
4276
4277
4280
4281
4282
4290
4291
4292
4300
4301
4302
4310
4311
4312
4400
4401
4402
4410
4411
4412
4500
4501
4502
4510
4511
4512
4520
4521
4522
4530
4531
4532
4600
4601
4602
4610
4611
4612
4620
4621
4622
4630
4631
4632
4710
4711
4712
4720
4721
4722
4730
4731
4732
4740
4741
4742
4750
4751
4752
4790
4791
4792
4800
4810
4811
4812
4820
4821
4822
4830
4831
4832
4840
4841
4842
4850
4851
4852
4860
4861
4862
4865
4890
4891
4892
4900
4901
4902
4910
4911
4912
5001
5002
5003
6100
6101
6102
6103
6109
6110
6150
6200
6201
6202
6203
6210
6300
6301
6302
6303
6400
6401
6410
6411
6420
6421
6450
6451
6500
7000
7101
7111
13020
13030
13040
13050
13060
13070
13080
13100
13120
13140
13160
13180
13200
13220
23020
23030
23040
23050
23060
23070
23080
23100
23120
23140
23160
23180
23200
23220
30000
30001
30002
30003
30010
30011
30012
30013
30070
30080
30090
30200
30201
30300
30301
30320
30321
30330
30340
30500
30510
30511
30560
30580
30581
100001
100131
100132
100133
100134
101001
101002
101003
101004
101005
101011
101012
101013
101014
101111
101112
101113
101114
101121
101122
101123
101124
101131
101132
101133
101134
101140
101141
101142
101143
101144
102001
102002
102003
102004
102005
102011
102012
102013
102014
102111
102112
102113
102114
102121
102122
102123
102124
102131
102132
102133
102134
102140
102141
102142
102143
102144
103001
103002
103003
103004
103005
103011
103012
103013
103014
103111
103112
103113
103114
103121
103122
103123
103124
103131
103132
103133
103134
103140
103141
103142
103143
103144
104001
104002
104003
104004
104005
104011
104012
104013
104014
104111
104112
104113
104114
104121
104122
104123
104124
104140
104141
104142
104143
104144
105001
105002
105003
105004
105005
105011
105012
105013
105014
105111
105112
105113
105114
105121
105122
105123
105124
105131
105132
105133
105134
105140
105141
105142
105143
105144
107000
107001
107002
107003
107004
107005
107011
107012
107013
107014
107111
107112
107113
107114
107121
107122
107123
107124
107140
107141
107142
107143
107144
114000
114001
114002
115000
115001
115002
115003
115004
115005
115011
115012
115013
115014
115111
115112
115113
115114
115121
115122
115123
115124
115131
115132
115133
115134
115140
115141
115142
115143
115144
116001
116011
116111
116121
116141
117001
117011
117111
117121
117141
118001
118002
118003
118004
118005
118011
118012
118013
118014
118111
118112
118113
118114
118121
118122
118123
118124
118131
118132
118133
118134
118140
118141
118142
118143
118144
120000
120001
120002
120003
120004
120005
120011
120012
120013
120014
120111
120112
120113
120114
120121
120122
120123
120124
120140
120141
120142
120143
120144
121000
121001
121002
121003
121004
121005
121011
121012
121013
121014
121111
121112
121113
121114
121121
121122
121123
121124
121140
121141
121142
121143
121144
123000
123001
123002
123003
123004
123005
123011
123012
123013
123014
123111
123112
123113
123114
123121
123122
123123
123124
123140
123141
123142
123143
123144
124000
124001
124002
124011
124111
124121
124141
125000
125001
125002
125011
125111
125121
125141
126000
126001
126002
126011
126111
126121
126141
127000
127001
127002
127011
127012
127111
127112
127121
127122
127141
127142
128001
128011
128111
128121
128141
130001
130011
130111
130121
130141
143001
143002
143003
143004
143005
143011
143012
143013
143014
143111
143112
143113
143114
143121
143122
143123
143124
143140
143141
143142
143143
143144
144001
144002
144003
144004
144005
144011
144012
144013
144014
144111
144112
144113
144114
144121
144122
144123
144124
144140
144141
144142
144143
144144
145001
145002
145003
145004
145005
145011
145012
145013
145014
145111
145112
145113
145114
145121
145122
145123
145124
145140
145141
145142
145143
145144
146000
146001
146002
146003
146004
146005
146011
146012
146013
146014
146111
146112
146113
146114
146121
146122
146123
146124
146140
146141
146142
146143
146144
147000
147001
147002
147011
147111
147121
147141
148000
148001
148002
148003
148004
148005
148011
148012
148013
148014
148111
148112
148113
148114
148121
148122
148123
148124
148140
148141
148142
148143
148144
149000
149001
149002
149003
149004
149005
149011
149012
149013
149014
149111
149112
149113
149114
149121
149122
149123
149124
149140
149141
149142
149143
149144
200000
200001
200002
200003
200004
201000
201001
201002
201003
201004
202000
202001
202002
202003
202004
203000
203001
203002
203003
203004
204000
204001
204002
204003
204004
205000
205001
205002
205003
205004
206000
206001
206002
206003
206004
207000
207001
207002
207003
207004
208000
208001
208002
208003
208004
209000
209001
209002
209003
209004
210000
210001
210002
210100
210101
210102
210200
210201
210202
210300
210301
210302
210400
210401
210402
210501
210502
210511
210512
210521
210522
210531
210532
210533
210534
210535
211000
211001
211002
211100
211101
211102
211200
211201
211202
211300
211301
211302
211400
211401
211402
211501
211502
211511
211512
211521
211522
211531
211532
211533
211534
211535
212000
212001
212002
212003
212004
213000
213001
213002
213003
213004
214000
214001
214002
214003
214004
215000
215001
215002
215100
215101
215102
215200
215201
215202
215300
215301
215302
215400
215401
215402
215501
215502
215511
215512
215521
215522
215531
215532
215533
215534
215535
216000
216001
216002
216003
216004
218000
218001
218002
218003
218004
220000
220001
220002
220100
220101
220102
220103
220104
220200
220201
220202
220300
220301
220302
220400
220401
220402
220501
220502
220511
220512
220521
220522
220531
220532
220533
220534
220535
220701
220706
220711
220712
220716
220721
220730
220731
221100
221101
221102
221500
222000
222001
222002
222100
222101
222102
222200
222201
222202
222300
222301
222302
222400
222401
222402
224000
224001
224002
224100
224101
224102
224200
224201
224202
224300
224301
224302
224400
224401
224402
224500
224501
224502
224511
224512
224521
224522
224531
224532
224533
224534
224535
234000
234001
234002
234100
234101
234102
234200
234201
234202
234300
234301
234302
234400
234401
234402
234501
234502
234511
234512
234521
234522
234531
234532
234533
234534
234535
243000
243001
243002
243003
243004
244000
244001
244002
244003
244004
245000
245001
245002
245003
245004
246000
246001
246002
246003
246004
248000
248001
248002
248100
248101
248102
248200
248201
248202
248300
248301
248302
248400
248401
248402
249000
249001
249002
249100
249101
249102
249200
249201
249202
249300
249301
249302
249400
249401
249402
250000
250001
250002
250100
250101
250102
250200
250201
250202
250300
250301
250302
250400
250401
250402
250501
250502
250511
250512
250521
250522
250531
250532
250533
250534
250535
251000
251001
251002
251100
251101
251102
251200
251201
251202
251300
251301
251302
251400
251401
251402
252000
252001
252002
252100
252101
252102
252200
252201
252202
252300
252301
252302
252400
252401
252402
252501
252502
252511
252512
252521
252522
252531
252532
252533
252534
252535
253000
253001
253002
253100
253101
253102
253200
253201
253202
253300
253301
253302
253400
253401
253402
254000
254001
254002
254100
254101
254102
254200
254201
254202
254300
254301
254302
254400
254401
254402
254501
254502
254511
254512
254521
254522
254531
254532
254533
254534
254535
255000
255001
255002
255100
255101
255102
255200
255201
255202
255300
255301
255302
255400
255401
255402
256000
256001
256002
256003
256004
257000
257001
257002
257100
257101
257102
257200
257201
257202
257300
257301
257302
257400
257401
257402
257501
257502
257511
257512
257521
257522
257531
257532
257533
257534
257535
258000
258001
258002
258100
258101
258102
258200
258201
258202
258300
258301
258302
258400
258401
258402
258501
258502
258511
258512
258521
258522
258531
258532
258533
258534
258535
259000
259001
259002
259100
259101
259102
259200
259201
259202
259300
259301
259302
259400
259401
259402
259501
259502
259511
259512
259521
259522
259531
259532
259533
259534
259535
260000
260001
260002
260100
260101
260102
260200
260201
260202
260300
260301
260302
260400
260401
260402
261000
261001
261002
261100
261101
261102
261200
261201
261202
261300
261301
261302
261400
261401
261402
261501
261502
261511
261512
261521
261522
261531
261532
261533
261534
261535
262000
262001
262002
262100
262101
262102
262200
262201
262202
262300
262301
262302
262400
262401
262402
262501
262502
262511
262512
262521
262522
262531
262532
262533
262534
262535
263000
263001
263002
263100
263101
263102
263200
263201
263202
263300
263301
263302
263400
263401
263402
263501
263502
263511
263512
263521
263522
263531
263532
263533
263534
263535
264000
264001
264002
264004
264100
264101
264102
264104
264200
264201
264202
264204
264300
264301
264302
264304
264400
264401
264402
264404
264501
264502
264511
264512
264521
264522
264531
264532
264533
264534
264535
265000
265001
265002
265004
265100
265101
265102
265104
265200
265201
265202
265204
265300
265301
265302
265304
265400
265401
265402
265404
266000
266001
266002
266100
266101
266102
266200
266201
266202
266300
266301
266302
266400
266401
266402
267000
267001
267002
267100
267101
267102
267200
267201
267202
267300
267301
267302
267400
267401
267402
267501
267502
267511
267512
267521
267522
267531
267532
267533
267534
267535
268000
268001
268002
268100
268101
268102
268200
268201
268202
268300
268301
268302
268400
268401
268402
269000
269001
269002
269100
269101
269102
269200
269201
269202
269300
269301
269302
269400
269401
269402
270000
270001
270002
270100
270101
270102
270200
270201
270202
270300
270301
270302
270400
270401
270402
270501
270502
270511
270512
270521
270522
270531
270532
270533
270534
270535
271000
271001
271002
271100
271101
271102
271200
271201
271202
271300
271301
271302
271400
271401
271402
271501
271502
271511
271512
271521
271522
271531
271532
271533
271534
271535
300000
300001
300002
300003
300060
300061
300062
300063
300070
300071
300072
300073
300080
300081
300082
300083
300090
300091
300092
300093
300110
300111
300112
300113
300115
300116
300117
300118
300120
300121
300122
300123
300130
300131
300132
300140
300141
300142
300150
300151
300152
300153
300160
300161
300162
300170
300171
300172
300173
300175
300176
300177
300180
300181
300182
300183
300185
300186
300187
300190
300191
300192
300200
300201
300202
300210
300211
300212
300220
300221
300222
300223
300224
300230
300231
300232
300235
300236
300237
300240
300241
300242
300250
300251
300252
300253
300260
300261
300262
300263
300270
300271
300272
300280
300281
300282
300290
300291
300292
300300
300301
300302
300310
300311
300312
300330
300331
300332
300340
300341
300342
300343
300350
300351
300352
300355
300356
300357
300360
300361
300362
300363
300370
300371
300372
300373
300380
300381
300382
300400
300401
300402
300403
300404
300405
300412
300413
300414
300415
300500
300510
300520
300521
300522
300523
300531
300540
300541
300542
300551
300552
300561
300571
300600
300601
300602
300610
300611
300612
300613
300620
300621
300622
300623
300640
300641
300642
300650
300660
300670
300671
300672
300673
300680
300681
300685
300686
300690
300691
300700
300701
300702
300703
300704
300705
300710
300711
300712
300713
300714
300715
300720
300721
300722
300723
300724
300725
300730
300731
300732
300740
300741
300745
300746
300750
300751
300752
300753
300754
300755
301000
301001
301002
301010
301011
301031
301033
301035
301037
301039
301041
301043
301050
301051
301052
301090
301100
301200
301201
301202
301210
301211
301212
301220
301221
301222
301230
301231
301232
301240
301241
301242
301250
301251
301252
301260
301261
301262
301270
301271
301272
301281
301291
301311
301340
301350
301351
301352
301360
301361
301362
301371
301372
301500
301501
301502
301503
301505
301512
302000
302001
302002
302005
302006
302007
302008
302020
302021
302022
302023
302030
302031
302041
302050
302060
302061
302120
302121
302130
302131
302132
302133
302140
302141
302142
302151
302152
302160
302161
302170
302171
302172
302181
302190
302191
302192
302200
302210
302211
302212
302213
302220
302221
302222
302301
302401
302402
302403
302404
302405
302406
302410
302420
302421
302440
302450
302460
302461
302462
302463
302464
302465
302466
302470
302471
302472
302473
302490
302491
302493
302494
302500
302501
302502
302510
302511
302520
302521
302530
302531
302540
302541
302550
302551
302560
302561
302570
302571
302600
302602
302603
302604
302605
302606
302700
302702
302710
302711
302712
302713
302800
302810
302820
302830
302840
302900
302901
302910
302911
302920
302921
302991
303000
303001
303002
303003
303004
303005
303006
303007
303008
303009
303010
303011
303012
303013
303014
303015
303016
303017
303018
303019
303020
303030
303031
303040
303050
303060
303061
303062
303063
303064
303065
303066
303067
303068
303069
303070
303071
303072
303073
303074
303075
303076
303077
303078
303079
303090
303091
303092
303093
303094
303095
303096
303097
303098
303099
303100
303101
303102
303103
303104
303105
303106
303107
303108
303109
303110
303111
303112
303113
303114
303115
303116
303117
303118
303119
303120
303121
303122
303123
303124
303125
303126
303127
303128
303129
303130
303131
303132
303133
303134
303135
303136
303137
303138
303139
303140
303141
303142
303143
303144
303145
303146
303147
303148
303149
303150
303151
303152
303153
303154
303155
303156
303157
303158
303159
303160
303161
303162
303163
303164
303165
303166
303167
303168
303169
303170
303171
303172
303173
303174
303175
303176
303177
303178
303179
303180
303181
303182
303183
303184
303185
303186
303187
303188
303189
303190
303191
303192
303193
303194
303195
303196
303197
303198
303199
303200
303201
303202
303203
303204
303205
303206
303207
303208
303209
303300
303301
303302
303303
303304
303305
303306
303307
303308
303309
304000
304001
304002
304005
304006
304010
304011
304012
304020
304021
304022
304030
304031
304032
304040
304041
304042
304050
304051
304052
304070
304071
304072
304073
304511
304512
304521
304522
304531
304532
304541
304542
304551
304552
304561
304562
304570
304571
304572
304573
304620
304621
304660
304661
304665
304675
305000
305001
305010
305011
305015
305016
305020
305021
305025
305026
305030
305031
305032
305033
305034
305040
305041
305100
305101
305110
305111
305120
305121
305200
305201
305205
305206
305210
305211
305215
305216
305300
305301
305305
305306
305310
305311
305315
305316
320000
320160
320170
330000
330100
330111
330200
330301
330400
330401
331000
331020
331100
331200
331211
331300
331400
331401
331411
331500
331501
331600
331601
331610
331611
331612
331700
331701
331800
331801
331900
331901
332000
332100
332101
332200
332201
332202
333000
333001
333100
333101
333200
333201
335000
335001
335002
400001
400002
400003
400410
401000
401001
401002
401004
401005
401006
401010
401011
401012
401020
401021
402000
402001
402010
402011
402020
402021
402030
402031
402040
402050
405000
405001
405010
405020
405030
411000
411001
411002
412000
412001
412002
413000
413001
413002
415000
415001
415002
416000
416001
416002
417000
417001
417002
419000
419001
419002
420000
420001
420002
421000
421001
421002
422000
422001
422002
424000
424001
424002
425000
425001
425002
426000
426001
426002
427000
427001
427002
428000
428001
428002
429000
429001
429002
430000
430001
430002
431000
431001
431002
434000
434001
434002
435000
435001
435002
440000
440001
440010
440011
440012
440020
440021
440025
440026
440027
440030
440035
440040
440041
440050
440055
440060
440061
440062
440063
440070
440071
440080
440081
440082
440083
440084
440090
440091
440092
440093
440100
440101
440110
440111
440115
440116
440117
440120
440130
440140
440141
440142
440143
440144
440145
440146
440147
440148
440150
440160
440170
440171
440172
440180
440181
440182
440190
440191
440192
440193
440201
440202
440210
440220
440221
440222
440223
440224
440300
440301
440302
440310
440311
440312
440313
440315
440316
440317
440318
440320
440321
440322
440400
440401
440402
440410
440420
440421
440422
440423
440424
440430
440431
440440
440441
440450
440460
440470
440480
440481
440490
440491
440500
440501
440502
440512
440520
440521
440522
440530
440531
440532
440533
440540
440541
440542
440550
440560
440561
440562
440563
440564
440565
440566
440567
440568
440569
440570
440571
440572
440573
440580
440581
440590
440591
440592
440600
440601
440602
440603
440604
440605
440606
440607
440610
440611
440612
440620
440621
440622
440623
440624
440625
440630
440631
440632
440633
440640
440641
440650
440651
440660
440661
440670
440671
440672
440673
440681
440682
440683
440690
440692
440693
440700
440701
440705
440710
440711
440720
440730
440740
440750
440760
440770
440771
440775
440776
440780
440781
440782
440783
440790
440791
440792
440793
440794
440800
440810
449990
450001
450005
450006
450010
450011
450012
450013
450020
450021
450022
450023
450023
450024
450025
450026
450027
450028
450029
450030
450031
450032
450041
450042
450050
450051
450052
450053
450055
450056
450057
450058
450060
450062
450063
450066
450068
450070
450071
450072
450073
450074
450075
450082
450090
450100
450101
450110
450111
450115
450116
450120
450121
450122
450130
450131
450132
450133
450134
450140
450141
450142
450143
450150
450151
450152
450153
450160
450161
450162
450163
450170
450172
450173
450181
450190
450191
450192
450193
450200
450201
450202
450203
450204
450210
450211
450212
450213
450220
450221
450231
450232
450233
450234
450240
450241
450250
450251
450252
450253
450254
450260
450261
450262
450270
450271
450272
450273
450274
450280
450281
450282
450283
450284
450285
450290
450291
450292
450301
450302
450310
450311
450312
450313
450314
450320
450322
450327
450330
450331
450335
450340
450341
450342
450343
450344
450350
450351
450352
450353
450354
450355
450356
450360
450361
450370
450371
450372
450380
450381
450382
450383
450384
450385
450386
450387
450390
450391
450392
450400
450401
450402
450403
450404
450410
450411
450412
450420
450421
450422
450423
450424
450430
450431
450432
450433
450440
450441
450442
450443
450450
450451
450452
450460
450461
450462
450470
450471
450472
450473
450474
450475
450480
450481
450490
450491
450492
450500
450501
450502
450503
450510
450511
450512
450513
450514
450515
450516
450520
450521
450522
450523
450530
450540
450542
450543
450544
450550
450551
450552
450553
450560
450561
450562
450570
450571
450572
450573
450580
450581
450582
450590
450591
450592
450593
450600
450601
450610
450611
450612
450613
450614
450615
450616
450620
450621
450622
450630
450631
450632
450633
450640
450641
450642
450643
450644
450645
450646
450647
450648
450649
450650
450651
450652
450653
450654
450656
450657
450658
450659
450660
450661
450662
450670
450671
450672
450675
450676
450680
450690
450700
450701
450702
450710
450711
450712
450720
450721
450722
450723
450724
450725
450726
450730
450731
450732
450733
450734
450735
450740
450741
450742
450743
450744
450747
450750
450751
450752
450753
450762
450763
450764
450765
450770
450771
450780
450781
450782
450783
450784
450790
450792
450800
450801
450802
450803
450810
450811
450820
450821
450822
450823
450830
450831
450832
450833
450834
450835
450836
450837
450838
450840
450841
450842
450843
450850
450851
450852
450861
450862
450870
450871
450872
450873
450874
450880
450881
450890
450891
450900
450901
450902
450903
450910
450911
450912
450920
450921
450922
450930
480000
480001
480010
480011
480020
480021
480100
480101
480110
480111
480120
480121
480200
480201
480210
480211
480220
480221
480300
480301
480310
480311
480320
480321
480400
480401
480410
480411
480420
480421
480500
480501
480510
480511
480520
480521
480530
480531
480600
480601
480610
480611
480620
480621
480700
480701
480710
480711
480720
480721
480800
480801
480810
480811
480820
480821
480900
480901
480910
480911
480920
480921
481000
481001
481002
481010
481011
481012
481020
481021
481022
490000
490010
490020
490030
500010
500011
500012
500013
500061
510000
510010
510011
510012
510020
510021
510022
510030
510040
510041
510042
510050
510052
510100
510110
510120
510130
510140
510150
510160
510200
510210
510220
510221
510230
510300
510310
510311
510320
510321
510330
510410
510411
510420
510421
510430
510431
510511
510520
510521
510530
510600
510610
510620
510630
515000
515001
515010
515011
515020
515030
515060
515100
515110
515120
515130
515150
515210
515220
515230
515310
515330
515420
515440
515510
515520
515530
515610
515612
515710
515740
515820
515830
515831
515910
516010
522000
522001
522002
522003
523000
523001
523002
523003
523020
523021
523022
523023
523030
523031
523032
523033
523040
523041
523042
523043
523044
523045
523046
523050
523051
523052
523053
523054
523055
523060
523061
523062
523063
523064
523067
523068
523070
523071
523072
523073
523077
523078
523080
523081
523082
523083
523087
523088
523090
523091
523092
523093
523094
523095
523096
523097
523098
523099
523100
523101
523130
523131
523150
523151
523152
523153
523190
523191
523192
523193
523194
523195
523197
523198
523199
523200
523201
523202
523203
523204
523207
523208
523210
523211
523212
523220
523221
523222
523223
523224
523225
523230
523231
523232
523233
523234
523235
523237
523238
523240
523241
523242
523243
523250
523251
523252
523260
523262
523263
523272
523273
523274
523275
523300
523301
523350
523351
523352
523354
523357
523360
523361
523362
523363
523364
523367
523368
523370
523371
523372
523373
523374
523377
523378
523380
523381
523382
523383
523390
523391
523400
523401
523402
523410
523411
523412
523413
523500
523501
523502
523520
523521
523522
523523
523540
523541
523542
523543
523570
523571
523572
523573
523580
523582
523583
523587
523588
523590
523591
523592
523593
523594
523720
523721
523722
523723
523730
523731
523732
523733
523734
523735
523737
523739
523740
523741
523742
523743
523750
523751
523752
523753
523760
523761
523762
523763
523767
523768
523770
523771
523772
523773
523774
523780
523781
523782
523783
523784
523785
523790
523791
523792
523793
523797
523798
523800
523801
523802
523803
523804
523805
523806
523810
523811
523812
523813
523820
523821
523822
523823
523824
523825
523830
523831
523832
523833
523840
523841
523850
523851
523852
523853
523856
523857
523858
523859
523860
523861
523862
523863
523864
523865
523866
523870
523871
523872
523873
523874
523875
523877
523878
523879
523880
523881
523882
523887
523890
523891
523892
523893
523894
523895
523896
523897
523900
523901
523902
523903
523907
523908
523910
523911
523912
523913
523914
523915
523916
523917
523920
523921
523922
523923
523924
523930
523931
523932
523933
523934
523937
523938
524000
524001
524002
524003
524005
524006
524007
524008
524009
524020
524021
524022
524023
524025
524026
524027
524028
524030
524031
524032
524034
524035
524050
524051
524052
524060
524061
524062
524063
524064
524065
524066
524067
524068
524070
524071
524072
524073
524075
524076
524077
524078
524080
524081
524082
524083
524084
524090
524091
524100
524101
524102
524110
524112
524114
524115
524117
524120
524121
524130
524131
524132
524133
524134
524135
524140
524141
524200
524201
524202
524203
524320
524321
524322
524400
524401
524402
524490
524491
524492
524494
524495
524500
524501
524502
524503
524504
524505
524506
524507
524508
524509
524510
524511
524512
524513
524514
524515
524516
524520
524521
524522
524523
524525
524526
524540
524541
524542
524543
524545
524546
524547
524548
524790
524791
524800
524801
524810
524811
524820
524821
524830
524831
524840
524841
524842
524844
524850
524851
524860
524861
524862
524870
524871
524872
524874
524880
524881
524882
524884
524900
524902
524903
525000
525001
525002
525003
525004
525010
525011
525012
525013
525020
525021
525022
525023
525030
525031
525032
525033
525034
525040
525041
525050
525051
525052
525070
525071
525072
525080
525082
525083
525090
525091
525092
525094
525300
525302
525303
525305
525306
525307
525310
525312
525313
525315
525316
525317
525330
525332
525333
525335
525336
525337
525400
525401
525402
525403
525404
525405
525410
525412
525413
525415
525417
525420
525421
525422
525423
525424
525425
525426
525500
525501
525502
525503
525504
525505
525507
525508
525509
525510
525511
525512
525513
525514
525516
525518
525519
525520
525521
525522
525523
525524
525526
525529
525530
525532
525533
525534
525536
525537
525540
525542
525543
525560
525561
525562
525570
525571
525572
525573
525580
525581
525582
525583
525585
525586
525587
525588
525589
525590
525591
525592
525593
525594
525595
525630
525631
525633
525640
525641
525642
525650
525651
525652
525660
525661
525670
525672
525673
525674
525675
525676
525677
525678
526202
526204
526205
526206
526208
526209
526240
526241
526242
526243
526250
526251
526252
526253
526254
526255
526260
526262
526263
526264
526265
526267
526268
526269
526270
526271
526273
526275
526278
526282
526284
526287
526289
526300
526301
526302
526303
526310
526311
526320
526322
527010
527011
527012
527013
527014
527015
527019
527020
527021
527022
527023
527030
527032
527033
527035
527037
527038
527041
527051
527052
528110
528111
528112
528113
528114
528115
528120
528121
528122
528123
528124
528125
528130
528131
528132
528133
528135
528136
528137
528138
528139
528140
528141
528142
528143
528144
528150
528151
528152
528160
528161
528170
528171
528172
528173
528175
528176
528177
528180
528181
528182
528190
528191
529100
529101
529102
529103
529104
529105
529106
529108
529109
529110
529112
529113
529114
529115
529116
529118
529119
529500
529502
529503
529510
529511
529520
529522
529523
529970
529971
529972
529973
529974
529980
529981
529982
529983
529984
529990
529991
529992
529993
529994
530000
530001
530002
530003
530004
530005
530007
530008
530011
530012
530013
530017
530018
530020
530021
530022
530100
530101
530102
530110
530111
530112
530120
530121
530122
530123
530124
530125
530130
530131
530132
530133
530142
530143
530150
530151
530152
530153
530160
530161
530162
530170
530171
530172
530174
530177
530181
530182
530183
530190
530191
530192
530193
530195
530196
530200
530201
530203
530205
530206
530210
530211
530212
530213
530350
530351
530352
530353
530355
530360
530362
530364
530365
530366
530367
530368
530369
530401
530405
530406
530431
530440
530501
530502
530505
530506
530507
530511
530512
530515
530516
530517
530551
530555
530556
530581
530590
530601
530605
530606
530631
530640
530651
530655
530656
530681
530690
530701
530702
530703
530704
530705
530706
530707
600000
600001
600002
600003
600010
600011
600012
600013
600020
600021
600030
600031
600040
600041
600042
600043
600044
600200
600201
600202
600203
600400
600401
600402
600403
600410
600600
600601
600602
600610
600611
600612
600613
600620
600621
600622
600700
600701
600901
600902
600903
600904
600910
600915
600916
600920
600921
600925
600926
600930
600933
600934
600935
600940
601000
601020
601031
601041
601042
601043
601051
601052
601053
601054
601100
601101
601110
601111
602000
602010
603000
603001
603002
603050
603051
603052
620100
620120
620125
620126
620127
620130
620131
620132
620140
620141
620142
620150
620155
620190
620300
620301
620305
620306
620307
620308
620309
620310
620311
620312
620315
620316
620320
620321
620322
620323
620330
620331
620332
620333
620340
620341
620342
620343
620344
620345
620350
620351
620352
620353
620360
620361
620362
620363
620370
620371
620372
620373
620383
620384
620385
620386
620387
620388
620389
620390
620391
620392
620400
620401
620402
620403
620404
620410
620411
620420
620421
620425
620426
620430
620431
620432
620435
620445
620460
620461
620462
621000
621010
621011
621012
621020
621030
621031
621100
621101
621102
621103
621105
621106
621107
621108
621111
621112
621113
621115
621116
621117
621120
621121
621125
621130
621131
621135
621140
621145
621150
621151
621152
621155
621156
621157
621160
621161
621162
621170
621171
621172
621173
621174
621180
621181
621182
621183
621184
621190
621195
621196
621200
621201
621205
621220
621225
621226
621227
621230
621235
621236
621240
621241
621242
621245
621246
621247
621248
621250
621260
621261
621262
621263
621264
621265
621270
621271
621275
621276
621290
621291
621292
621293
621300
621301
621302
621303
621304
621305
621306
621307
621308
621309
621310
621311
621315
621316
621320
621321
621325
621326
621327
621328
621330
621331
621334
621335
621348
621349
621351
621352
621354
621356
621357
621359
621361
621362
621363
621366
621367
621368
621370
621371
621380
621381
621384
621385
621389
621390
621391
621392
621395
621396
621400
621401
621402
621405
621406
621420
621421
621430
621431
621432
621436
621440
621441
621450
621460
621461
621462
621500
621510
621511
621512
621513
621514
621800
621801
621802
621803
621804
621810
621811
621812
621813
621820
621821
621822
621823
621825
621826
621827
621830
621831
621832
621835
621890
621900
621901
621902
621903
621910
621911
621915
621920
621922
621923
621924
621925
621930
621932
621933
621934
621940
621942
621943
621944
621945
621950
621951
621952
621955
621956
621957
621958
621960
621961
621962
621963
621964
621965
621966
621967
621969
621970
621971
621972
621973
621974
621980
621981
621982
621985
621986
621987
621990
621991
621992
621993
621994
621995
621996
621997
621999
622000
622001
622002
622003
622006
622007
622008
622010
622011
622012
622013
622014
622015
622020
622021
622022
622023
622024
622030
622031
622032
622033
622040
622041
622042
622043
622044
622045
622050
622051
622052
622053
622054
622055
622059
622060
622061
622070
622071
622072
622073
622080
622085
622086
622090
622091
622092
622093
622094
622095
622096
622097
622100
622101
622102
622103
622105
622106
622110
622111
622112
622120
622121
622130
622700
622701
622702
622710
622711
622720
622722
622723
622730
622731
622740
622742
622743
622750
625005
625011
625012
625015
625016
625017
625018
625020
625021
625025
625026
625030
625031
625032
625035
625036
625040
625041
625045
625046
625050
625051
625052
625060
625061
625062
625070
625071
625075
625080
625090
625092
630000
630001
630002
630003
630010
630011
630012
630020
630021
630022
630023
630030
630040
630042
630043
630044
630050
630100
630105
630106
630107
630110
630111
630112
630113
630115
630116
630120
630121
630129
630130
630131
630132
630133
630134
630136
630137
630138
630139
630140
630141
630150
630160
630168
630169
630170
630171
630172
630173
630174
630175
630176
630180
630181
630182
630183
630185
630186
630187
630188
630190
630191
630195
630200
630201
630202
630203
630205
630206
630207
630208
630401
630410
630411
630415
630416
630417
630418
630425
630426
630440
630441
630450
630451
630500
630501
630510
630511
630515
630516
630517
630518
630521
630525
630526
630527
630528
630540
630541
630545
630550
630551
630560
630570
630571
630572
630573
630574
630575
630581
630586
630587
630590
630591
630610
630611
630612
630700
630710
630711
630712
630720
630721
630722
630730
630731
630800
630805
630820
630821
630822
630825
630826
630827
630828
630830
631000
631005
631006
631007
631008
631009
631020
631030
631035
631036
631037
631038
631040
631041
631050
631051
631060
631061
631500
631510
631600
631601
631700
631701
631702
631703
631704
631713
631714
631715
631716
631717
631718
631720
631721
631722
631731
631732
631733
631800
631801
631813
631814
631815
631816
631817
631820
631821
631850
631851
631852
631853
631860
631861
631862
631870
631871
631875
631876
631877
631878
632000
632001
632002
632003
632005
632006
632007
632010
632011
632012
632013
632021
632022
632023
632024
632026
632027
632028
632030
632031
632032
632040
632041
632500
632501
632502
632503
632505
632506
632507
632508
632511
632515
632516
632517
632518
632520
632521
632525
632529
632530
632532
632541
632542
632543
632544
632545
632556
632557
632558
632559
632560
632561
632562
632563
632564
632565
632566
632570
632571
632572
632573
632575
632576
632577
632578
632579
632580
632581
632582
632585
632586
632588
632589
632590
632591
632592
632595
632596
632597
632598
633000
633010
633020
633021
633100
633101
633200
633201
633210
633220
633221
633222
633230
633235
633236
633240
633241
633300
633301
633501
633502
633503
633506
633507
633508
633510
633511
633513
633520
633521
633522
633523
633524
633525
633526
633527
633528
633530
633531
633532
633533
633534
633535
633540
633550
633551
633552
633560
633561
633562
633563
633565
633566
633567
633568
633570
633571
633572
633573
633575
633576
633577
633578
633579
633600
633601
633605
633610
633611
633612
633613
633621
633622
633623
633624
633630
633631
633640
633641
633642
633690
633700
633701
633702
633710
633720
633790
634000
634001
634005
634010
634020
634030
634035
634036
634040
634041
634042
634043
634500
634501
634502
634503
634505
634520
634601
634620
634625
634640
634641
634642
634643
634651
634652
634653
634700
634701
634702
634710
634711
634712
634720
634725
634726
634727
634730
634740
634741
634742
634743
634744
634745
635000
635005
635011
635012
635013
635014
635020
635021
635022
635023
635024
635025
635026
635027
635028
635030
635031
635032
635033
635035
635036
635037
635038
635040
635041
635050
635051
635060
635070
635075
635076
635077
635078
635080
635081
635082
635083
635084
635085
635090
635100
635110
635111
635112
635113
635114
635120
635121
635122
635123
635130
635500
635501
635505
635506
635510
635511
635512
635520
635521
635522
635530
635531
635600
635601
635602
635610
635611
635612
635613
635614
635620
635621
635622
635630
635635
635640
635641
635642
635690
635691
635692
635693
635705
635710
635711
635720
635721
635730
635740
635742
635743
635750
635751
635752
635760
635770
635771
635772
635780
635781
635782
635792
635793
636000
636001
636002
636003
636004
636005
636010
636011
636012
636020
636021
636022
636030
636031
636032
636035
636036
636037
636040
636050
636051
636052
636100
636101
636102
636103
636110
636111
636112
636113
636200
636201
636202
636203
636210
636211
636212
636213
636300
636301
636302
636303
636310
636311
636312
636313
636500
636505
636507
636510
636515
636516
636517
636520
636530
636531
636590
636591
636592
636593
636595
636596
636597
636598
636600
636601
636602
636605
636606
636607
636608
636610
636611
636612
636615
636620
636625
636626
636627
636630
636631
636635
636636
636637
636640
636641
636645
636650
636651
636652
636653
636655
636656
636657
636658
636660
636661
636665
636666
636670
636671
636672
636673
636674
636675
636676
636677
636678
636679
636680
636681
636682
636683
636685
636690
636691
636692
636693
636694
636700
636705
636710
636711
636712
636713
636720
636721
636722
636723
636724
636725
636726
636730
636731
636732
636740
636750
636990
636991
636992
636993
636995
636996
636997
636998
637000
637001
637002
637005
637006
637007
637010
637011
637012
637013
637014
637015
637017
637018
637020
637021
637022
637025
637030
637031
637035
637036
637037
637040
637041
637045
637046
637047
637050
637051
637052
637053
637055
637056
637057
637058
637060
637061
637062
637063
637065
637066
637067
637068
637070
637071
637072
637073
637075
637076
637077
637078
637080
637081
637082
637083
637085
637086
637087
637088
637090
637091
637092
637093
637094
637095
637096
637097
637098
637100
637101
637102
637103
637110
637111
637112
637113
637200
637203
637210
637211
637300
637310
637311
637320
637321
637500
637501
637502
637510
637511
637520
637521
637522
637530
637531
637532
638000
638001
638002
638005
638006
638010
638020
638021
638022
638030
638031
638032
638033
638040
638041
638042
638045
638046
638050
638055
638056
638060
638061
638070
638075
638100
638101
638102
638500
638501
638502
638503
638504
638505
638510
638511
638512
638513
638515
638516
638517
638518
638520
638521
638522
638530
638531
638600
638601
638602
638603
638610
638611
638612
638613
638614
638620
638621
638630
638631
638640
638650
638651
638652
638653
638654
638655
639000
639001
639002
639005
639006
639007
639010
639011
639012
639015
639016
639017
639020
639021
639025
639026
639030
639031
639035
639036
639040
639041
639042
639045
639046
639047
639048
639050
639060
639061
639062
639063
639064
639065
639066
639067
639068
639100
639101
639102
639103
639110
639111
639112
639120
639121
639122
639130
639131
639132
639133
639135
639136
639140
639141
639150
639151
639152
639153
639155
639156
639160
639500
639510
639511
639512
639520
639521
639522
639530
639531
639532
639533
639535
639536
639537
639538
639540
639550
639555
639556
639557
639700
639701
639702
639703
639705
639710
639711
639715
639716
639717
639720
639730
639731
639732
639733
639734
639740
639741
639742
639743
639744
640000
640010
640011
640012
640020
640030
640031
640040
640045
640050
640051
640052
640055
640056
640057
640200
640206
640210
640212
640215
640216
640221
640222
640225
640235
640400
640401
640410
640411
640412
640420
640421
640422
640430
640500
640510
640511
640520
640600
640800
640801
640900
640901
641000
641001
641002
641003
641010
641011
641012
641020
641030
641031
641032
641035
641036
641040
641041
641042
641045
641046
641047
641048
641100
641101
641110
641111
641120
641130
641131
641132
641135
641136
641200
641201
641203
641210
641215
641301
641302
641310
641320
641325
641326
641330
641335
641340
641341
641342
641343
641345
641346
641347
641348
641400
641401
641402
641405
641406
641407
641410
641411
641412
641415
641416
641417
641420
641421
641422
641425
641426
641431
641440
641441
641445
641450
641460
641470
641471
641472
641473
641480
641481
641482
641500
641501
641510
641520
641710
641800
641801
641802
641810
641811
641812
641813
641820
641821
641901
641902
641905
641912
641913
641920
641921
641922
641923
641924
641925
641926
641927
641930
641931
641932
641935
641936
641937
641940
641941
641942
641945
641946
641947
641950
641951
641952
641955
641956
641957
641960
641961
641962
641965
641966
641967
641970
641971
641972
641975
641976
641977
641980
641981
641982
641985
641986
641987
641990
641991
641992
641993
641994
641995
641996
641997
641998
642000
642001
642002
642010
642011
642012
642020
642030
642031
642032
642050
642051
642052
642053
642060
642061
642062
642063
642064
642065
642070
642080
642081
642082
642083
642100
642101
642102
642103
642104
642105
642110
642111
642115
642116
642120
642121
642122
642130
642140
642150
642160
642161
642162
642200
642201
642202
642204
642210
642211
642212
642220
642221
642222
642225
642230
642231
642233
642234
642240
642250
642260
642270
642300
642400
642401
642402
642403
642404
642405
642406
642410
642411
642500
642600
642602
642603
642604
642605
642606
642610
642611
642612
642613
642614
642615
642620
642635
642636
642640
642641
642642
642650
642651
642652
642660
642661
642663
642670
642672
642673
642675
642676
642700
642710
642720
642721
642722
642723
642800
642801
642802
642810
642811
642812
642820
642830
642831
642840
642850
642900
642901
642905
642906
643000
643001
643002
643003
643010
643011
643012
643020
643030
643031
643040
643041
643042
643043
643050
643051
643052
643053
643060
643061
643070
643100
643101
643102
643103
643105
643110
643111
643112
643113
643120
643121
643130
643131
643132
643133
643134
643135
643136
643137
643140
643141
643142
643143
643145
643146
643147
643148
643150
643151
643155
643156
643160
643165
643171
643180
643181
643182
643183
643185
643190
643200
643201
643202
643210
643220
643221
643222
643230
643231
643235
643240
643241
643242
643401
643402
643405
643410
643420
643421
643500
643501
643502
643503
643505
643506
643507
643510
643511
643515
643520
643521
643522
643523
643525
643526
643530
643531
643532
643535
643536
643537
643540
643541
643542
643544
643545
643546
643547
643548
643549
643550
643551
643553
643555
643556
643557
643560
643561
643565
643566
643567
643568
643569
643570
643571
643572
643573
643575
643576
643577
643578
643580
643581
643582
643583
643590
643591
643592
643593
643600
643605
643610
643615
643616
643617
643618
643620
643621
643622
643623
643624
643630
643631
643632
643639
643640
643641
643642
643643
643644
643645
643650
643651
643652
643660
643661
643662
643663
643700
643701
643710
643711
643712
643720
643721
643722
643723
643730
643731
643732
643733
643734
643735
643740
643741
643790
643791
643792
643795
643796
643797
643800
643801
643802
643803
643804
643810
643811
643812
643813
643815
643820
643821
643822
643826
643827
643830
643835
643836
643840
643845
643846
643850
643851
643852
643853
643854
643855
643856
643857
643858
643859
643860
643861
643862
643863
643864
643865
643866
643867
643868
643869
643870
643871
643872
643873
643874
643875
643880
643881
643882
643883
643884
643886
643887
643888
643890
643891
643893
643894
643898
643899
643900
643901
643910
643911
643912
643913
643920
643921
643922
643923
643924
643925
643926
643927
643930
643931
643932
643933
643934
643935
643936
643937
643938
643940
643941
643942
643945
643950
643955
643956
643957
643958
643959
643965
643966
643967
643970
643971
643972
643980
643981
643993
643995
643996
643997
644101
644200
644201
644202
644203
644205
644206
644207
644208
644210
644211
644212
644213
644215
644216
644217
644218
644300
644305
644306
644310
644320
644321
644322
644400
644401
644410
644411
644412
644421
644430
644431
644450
644451
644452
644455
644456
644457
644460
644461
644462
644465
644466
644467
644471
644480
644481
644485
644486
644501
644502
644503
644504
644505
644506
644507
644511
644512
644516
644517
644520
644530
644535
644540
644541
644542
644600
644601
644602
644603
644610
644611
644612
644613
644620
644621
644622
644630
644631
644640
644641
644642
644650
644651
644700
644701
644710
644711
644712
644713
644715
644720
644800
644801
644803
644804
644805
644806
644811
644812
644813
644814
644815
644816
644817
644818
644819
644820
644821
644825
644826
644827
644828
644829
644830
644831
644832
644835
644836
644837
644838
644840
644841
644842
644843
644845
644846
644847
644848
644850
644851
644852
644853
644855
644856
644857
644858
644860
644861
644862
644900
644901
644902
644920
644921
644922
644930
644931
644932
644940
644941
644942
644951
644952
644953
644954
644970
644971
644972
644973
644974
644975
644976
644980
644981
644982
644983
644984
644985
644986
644987
644990
644991
644992
644993
644994
644995
644996
644997
645000
645001
645002
645003
645004
645005
645006
645007
645010
645016
645017
645018
645020
645021
645022
645023
645024
645025
645026
645027
645030
645031
645032
645035
645040
645041
645050
645051
645052
645053
645055
645056
645057
645058
645060
645061
645063
645064
645065
645066
645070
645071
645072
645073
645075
645076
645080
645081
645082
645085
645100
645101
645102
645103
645105
645106
645110
645111
645115
645116
645117
645120
645121
645123
645126
645130
645131
645132
645140
645141
645142
645144
645145
645146
645147
645148
645150
645151
645152
645153
645155
645156
645157
645170
645171
645172
645173
645175
645176
645180
645181
645182
645190
645200
645201
645202
645203
645205
645210
645215
645220
645225
645230
645231
645232
645240
645241
645242
645243
645244
645250
645252
645254
645256
645257
645261
645262
645263
645264
645265
645266
645267
645270
645271
645272
645280
645281
645282
645283
645290
645295
645296
645510
645520
645530
645540
645541
645550
645551
645552
645600
645610
645620
645700
645701
645702
645703
645704
645705
645706
645707
645708
645709
645730
645800
645810
645811
645812
645813
645814
645820
645821
645830
645831
645832
645833
645850
645855
646000
646001
646002
646005
646006
646010
646020
646021
646022
646023
646024
646025
646030
646031
646032
646033
646035
646040
646041
646042
646043
646050
646051
646060
646061
646062
646065
646070
646071
646072
646073
646074
646075
646080
646082
646083
646095
646096
646097
646200
646211
646213
646214
646215
646216
646217
646218
646221
646222
646223
646224
646225
646230
646231
646232
646235
646236
646237
646240
646241
646242
646243
646250
646252
646253
646255
646260
646261
646262
646263
646270
646271
646272
646273
646281
646282
646283
646290
646292
646293
646300
646301
646310
646320
646321
646400
646401
646402
646403
646404
646405
646406
646407
646408
646409
646410
646411
646412
646413
646415
646416
646417
646418
646419
646420
646421
646425
646426
646430
646440
646441
646501
646502
646503
646504
646505
646506
646510
646511
646512
646515
646517
646518
646520
646521
646522
646530
646531
646535
646536
646550
646551
646552
646555
646556
646557
646560
646561
646565
646566
646570
646571
646572
646580
646590
646600
646610
646611
646612
646613
646620
646621
646622
646623
646625
646626
646627
646628
646630
646631
646640
646641
646642
646650
646651
646655
646660
646661
646662
646663
646664
646665
646666
646670
646680
646681
646682
646683
646685
646690
646700
646701
646702
646705
646710
646711
646712
646715
646720
646721
646722
646725
646726
646730
646731
646740
646750
646751
646755
646800
646801
646802
646803
646804
646805
646806
646807
646810
646811
646812
646813
646814
646820
646821
646822
646823
646830
646840
646845
646846
646850
646860
646870
646871
646901
646911
646920
646921
646930
646931
646935
646940
646941
646945
647100
647101
647102
647103
647104
647107
647108
647109
647110
647111
647112
647113
647115
647116
647117
647118
647120
647121
647130
647135
647139
647140
647142
647143
647144
647145
647146
647147
647148
647149
647150
647151
647152
647153
647160
647161
647162
647163
647164
647165
647166
647167
647170
647172
647175
647176
647180
647181
647190
647191
647192
647193
647206
647210
647212
647221
647222
647223
647230
647250
647255
647256
647257
647260
647265
647268
647269
647270
647271
647272
647273
647274
647280
647285
647290
647291
647301
647303
647304
647305
647310
647311
647312
647313
647314
647315
647320
647321
647322
647324
647325
647326
647327
647330
647331
647332
647335
647336
647340
647341
647343
647344
647345
647346
647347
647350
647351
647352
647353
647355
647360
647365
647370
647371
647380
647381
647385
647390
647391
647392
647393
647500
647501
647502
647503
647504
647505
647506
647510
647511
647514
647515
647520
647525
647526
647527
647530
647531
647532
647540
647541
647542
647550
647551
647552
647553
647554
647555
647561
647562
647563
647564
647570
647571
647572
647573
647580
647590
647595
647600
647601
647602
647605
647606
647608
647609
647610
647612
647615
647620
647621
647622
647630
647631
647632
647633
647634
647640
647641
647642
647650
647651
647652
647660
647661
647662
647671
647672
647673
647675
647676
647680
647681
647682
647685
647690
647691
647700
647701
647702
647703
647710
647711
647712
647713
647714
647715
647720
647721
647722
647723
647724
647730
647731
647732
647733
647734
647740
647741
647742
647747
647755
647756
647757
647758
647760
647770
647771
647780
647790
647791
647792
647793
647800
647801
647802
647803
647810
647811
647812
647813
647814
647815
647820
647821
647822
647823
647824
647830
647831
647832
647833
648000
648003
648004
648005
648006
648007
648008
648009
648010
648011
648013
648014
648020
648025
648026
648030
648031
648032
648035
648036
648037
648040
648041
648042
648045
648046
648050
648051
648054
648055
648056
648060
648061
648062
648065
648070
648071
648072
648075
648080
648081
648082
648085
648086
648087
648090
648100
648101
648102
648104
648105
648110
648111
648115
648120
648121
648130
648131
648132
648133
648134
648140
648141
648190
648200
648201
648202
648203
648204
648205
649100
649101
649102
649103
649105
649106
649110
649111
649115
649120
649121
649131
649150
649500
649501
649502
649503
649505
649510
649511
649512
649520
649521
649522
649523
649524
649530
649540
649550
649551
649552
649553
649554
649600
649601
649602
649603
649610
649611
649615
649620
649800
649801
649802
649803
649805
649806
649808
649809
649810
649811
649812
649815
649816
649821
649830
649831
649832
649840
649841
649842
649850
649860
649861
649862
649870
649871
649872
649873
649874
649880
649881
649890
660000
660001
660300
660402
660403
660404
660610
660700
660705
660710
660715
660900
670000
670001
670002
670020
670025
670030
670035
670040
670041
670042
670050
670051
670052
670053
671000
671001
671002
671005
671010
671011
671012
671013
671015
671016
671017
671018
671020
671021
671022
671025
671027
671030
671031
671032
671040
671045
671046
671047
671050
671051
680000
680010
680020
680025
680030
680031
680035
681000
681001
681002
681003
681004
681005
681006
681007
681008
681011
681012
681013
681100
681101
681103
681105
681200
681201
681202
681210
681211
690000
690001
690002
690003
690004
690005
690006
690007
690008
690009
690011
690012
690013
690014
690020
690021
690022
690023
690024
690025
691007
691015
691016
715010
715020
715030
715031
715032
715033
715034
715035
715040
715050
715110
715118
715119
715120
715121
715122
715123
715130
715140
715141
715143
715144
715145
715160
715171
715180
715181
715182
715183
715184
715185
715186
715187
715188
715189
715190
715191
715192
770000
770001
770002
770003
770004
770005
770006
770007
800000
800001
800007
800008
800009
800011
800020
800021
800022
800023
800024
800026
800027
800028
800029
800030
800031
800040
800041
800042
800045
800046
800055
800056
800057
800060
800061
800070
800071
800075
800090
800091
800092
800093
800094
800100
800130
800135
800136
800137
800140
800150
800151
800152
800160
800161
800162
800163
800170
800171
800172
800173
800174
800180
800181
800182
800183
800184
800185
800186
800187
800188
800190
800191
800192
800193
800194
800195
800196
800197
800198
800200
800201
800202
800203
800210
800211
800212
800220
800221
800222
800223
800224
800225
800226
800227
800230
800231
800232
800233
800234
800235
800236
800237
800240
800250
800260
800270
800271
800275
800276
800280
800290
800291
800330
800331
800332
800340
800350
800360
800361
800370
800371
800380
800390
800391
800392
800399
800400
800401
800402
800403
800404
800405
800406
800407
800410
800411
800412
800420
800421
800422
800423
800500
800510
800511
800520
800530
800531
800540
800550
800600
800601
800602
800610
800611
800620
800621
800630
800631
800632
800803
802020
803000
803001
803002
803020
803030
803040
803041
803060
803061
803062
803080
803081
803090
803091
803100
803101
803102
803103
803104
803110
803120
803130
803131
803140
803150
803151
803160
803161
803170
803171
803172
803180
803181
803182
803183
803184
803186
803190
803200
803210
803220
803230
803240
803241
803242
803243
803245
803246
803247
803248
803260
803261
803270
803271
803280
803281
803291
803292
803300
803310
803311
803400
803401
803410
803411
803412
803430
803440
803450
803460
803461
803462
803463
803464
803465
803466
803467
803468
803469
804000
804001
804002
804003
804004
804010
804011
804012
804013
804014
804020
804060
804061
804062
806000
806001
806002
806010
806020
806021
806030
806031
806040
806041
806042
806043
806050
806060
806061
806080
806100
806101
806102
806120
806121
806125
806126
806130
806131
806132
806133
806140
806150
806160
806161
806163
806164
806170
806180
806200
806201
806202
806203
806204
806210
806211
806212
806213
806250
806260
806270
806300
806310
806320
806321
806330
806331
806340
806400
806401
806410
806411
806420
806421
806430
806431
806440
806441
806451
806461
806471
806500
806501
806502
806510
806511
806512
806550
806551
806600
806601
806610
806611
806612
806700
806701
806702
806705
806710
806720
806721
806730
806731
806740
806751
806752
806753
806760
806761
806762
806780
806781
806782
806800
806801
806802
806810
806820
806830
806831
806840
806850
806855
806861
806870
806871
806881
806882
806883
806890
806891
806892
806900
806901
806910
806930
806932
806934
806936
806938
806940
806950
806951
806952
806955
806956
806957
806960
806961
806962
806965
806966
806967
806970
806971
806972
806975
806976
806977
806980
806981
806982
806990
808001
808002
808003
808004
808005
808006
808007
810010
810011
810070
810200
810201
810202
810203
810204
810205
810206
810207
810208
810209
810210
810211
810220
810230
810231
810232
810233
810234
810235
810236
810237
810238
810250
810260
810261
810300
810301
810310
810320
810330
810331
810340
810341
810350
810400
810410
810600
810610
810620
810621
810623
810624
810630
810640
810650
810651
810652
811000
811001
811002
811010
811011
811012
811020
811030
811040
811041
811042
811050
811060
811061
811070
811071
811072
811073
811074
811075
811076
811077
811080
811081
811090
811091
811092
811100
811101
811110
811115
811120
811620
811621
811630
812000
812001
812002
812003
812010
812020
812021
812025
812030
812031
812040
812050
812051
812052
812060
812061
812062
812063
812065
812066
812067
812068
812070
812071
812072
812080
812081
812082
812090
812091
812100
812110
812111
812112
812120
812125
812130
812131
812132
812140
812141
812142
812150
812151
812152
812160
812170
812171
812172
812200
812201
812202
812203
812204
812205
812206
812600
812610
812611
812620
812630
812631
812632
812650
812651
812652
813010
813020
813021
813022
813023
813024
813025
813026
813027
813028
813029
813030
813031
813032
813040
813041
813042
813043
813050
813051
813052
813600
814001
814010
814011
814012
814013
814014
814015
814016
814017
814018
814019
814020
814021
814022
814030
814040
814600
814601
814602
814610
814611
814612
814613
814620
814622
814623
814624
814625
814630
814631
815000
815001
815003
815004
815010
815012
815020
815030
815040
815041
815042
815050
815051
815060
815070
815080
815090
815091
816010
816011
816020
816021
816030
816031
816032
816040
816050
816060
816070
816080
816090
816100
816101
816102
816110
816111
816112
816113
816114
816120
816121
816122
816123
816124
816140
816141
816142
816149
816150
816151
816153
816154
816155
816160
816161
816162
816170
816171
816172
816180
816181
816190
816191
816200
818000
818010
818030
818031
819600
830000
830001
830002
830010
830011
830012
830020
830021
830022
830030
830031
830600
830601
830610
830611
830612
830620
830621
830622
830623
830630
830631
831000
831060
831061
831080
831090
831100
831110
834010
834011
834012
834020
834021
834022
834025
834026
834027
834028
834030
834031
834040
834041
834044
834050
834600
835000
835600
835610
838001
839000
839020
839021
839022
870000
870001
870010
870011
870012
870013
870014
870015
870016
870020
870021
870022
870030
870031
870033
870040
870050
1003090
1003091
1003092
1004010
2001000
2001001
2001002
2001010
2001011
2001012
2002000
2002001
2002002
2003000
2003001
2003002
2004000
2004001
2004002
2005000
2005001
2005002
2006000
2006001
2006002
2007000
2007001
2007002
2008000
2008001
2008002
2009000
2009001
2009002
2010000
2010001
2010002
2011000
2011001
2011002
5000000
5000001
5000002
5000003
5001000
5001001
5001002
5001003
5002000
5002001
5002002
5002003
5003000
5003001
5003002
5003003
5004000
5004001
5004002
5004003
5006000
5006001
5006002
5006003
5008000
5008001
5008002
5008003
5008005
5009000
5009001
5009002
5009003
5010000
5010001
5010002
5010003
5011000
5011001
5011002
5011003
5013000
5013001
5013002
5013003
5014000
5014001
5014002
5014003
5015000
5015001
5015002
5015003
5016000
5016001
5016002
5016003
5017000
5017001
5017002
5017003
5018000
5018001
5018002
5018003
5019000
5019001
5019002
5019003
5020000
5020001
5020002
5020003
5021000
5021001
5021002
5021003
5022000
5022001
5022002
5022003
5022005
5023000
5023001
5023002
5023003
5024000
5024001
5024002
5024003
5026000
5026001
5026002
5026003
5027000
5027001
5027002
5027003
5028000
5028001
5028002
5028003
5029000
5029001
5029002
5029003
5030000
5030001
5030002
5030003
5031000
5031001
5031002
5031003
5032000
5032001
5032002
5032003
5033000
5033001
5033002
5033003
5034000
5034001
5034002
5034003
5035000
5035001
5035002
5035003
5100000
5100001
5100002
5100003
5101000
5101001
5101002
5101003
5102000
5102001
5102002
5102003
5102005
5103000
5103001
5103002
5103003
5104000
5104001
5104002
5104003
5105000
5105001
5105002
5105003
5106000
5106001
5106002
5106003
5200000
5200001
5200002
5200003
5201000
5201001
5201002
5201003
5202000
5202001
5202002
5202003
5202004
5203000
5203001
5203002
5203003
5204000
5204001
5204002
5204003
5205000
5205001
5205002
5205003
5206000
5206001
5206002
5206003
5207000
5207001
5207002
5207003
5208000
5208001
5208002
5208003
5209000
5209001
5209002
5209003
5210000
5210001
5210002
5210003
5211000
5211001
5211002
5211003
5212000
5212001
5212002
5212003
5213000
5213001
5213002
5213003
5214000
5214001
5214002
5214003
5215000
5215001
5215002
5215003
5216000
5216001
5216002
5216003
5217000
5217001
5217002
5217003
5218000
5218001
5218002
5218003
5219000
5219001
5219002
5219003
5300000
5300001
5300002
5300003
5301000
5301001
5301002
5301003
5302000
5302001
5302002
5302003
5303000
5303001
5303002
5303003
7101010
7101020
7101025
7101030
7101032
7101035
7101040
7101050
7101052
7101055
7101060
7101061
7101062
7101070
7102020
7102030
7103010
7103015
7103020
7103030
7103031
7103032
7103040
7103041
7103042
7103043
7103044
7103045
7103050
7103055
7104001
7104002
7104003
7111010
7111011
7111020
7111021
7111030
7111031
7111040
7111041
7111050
7111051
7111060
7111070
7111071
7111080
7111081
7111091
7111092
7111093
7112009
7112010
7112011
7112012
7112013
7112014
7112015
7112016
7112020
7112021
7112022
7112023
7112024
7112025
7112030
7112031
7112032
7112033
7112034
7112040
7112050
7112051
7112052
7112060
7114010
7114011
7114012
7114013
7114020
7114021
7114022
7114023
7114030
7114031
7114032
7114040
7114041
7114050
7120010
7120015
7120016
7120020
7120021
7120022
7120030
7120040
7120041
7120050
7120051
7120052
7120053
7120080
7120081
7120090
7121015
7121016
7121080
7121081
7125010
7125020
7125021
7125030
7125060
7125070
7125080
7131010
7131020
7131022
7131023
7131030
7131031
7131032
7131040
7131050
7131060
7134010
7134040
7134041
7134060
7134062
7134063
7134070
7134071
7134072
7134073
7134080
7134081
7134082
7134090
7134092
7134093
7134095
7134096
7134097
7134098
7135000
7135010
7135020
7135021
7135022
7135030
7135040
7136000
7140010
7140020
7140030
7140040
7141000
7141001
7141002
7141003
7141030
7141031
7141040
7141042
7141050
7141060
7141080
7141090
7141091
7141092
7141093
7141094
7141095
7141096
7141097
7141098
7141099
7141101
7141102
7141103
7141104
7141105
7141106
7151001
7151002
7151003
7151011
7152010
7152020
7152021
7160000
7160001
7160002
7160010
7160011
7160020
7160030
7160031
7160040
7160041
7160205
7160210
7160211
7160225
7160230
7160235
7160236
7160237
7160240
7160250
7180010
7180011
7180012
7180013
7180014
7180015
7180016
7180017
7180018
7180020
7180030
7180031
7180035
7180036
7180040
7180050
7190010
7190020
7190025
7190030
7190040
7190050
7190051
7190052
7190060
7190070
7190071
7190080
7190090
7190095
7190096
7190100
7190110
7191020
7191030
7191040
7191045
7191046
7191050
7191051
7191060
7191065
7191070
7191071
7191080
7191081
7191090
7191092
7191094
7191190
7191192
7191194
7192001
7192002
7192003
7192004
7192005
7192006
7192007
7192008
7192009
7192010
7192011
7192012
7192015
7192016
7192017
7192020
7192025
7193001
7193002
7193003
7193004
7193005
7193006
7193007
7193008
7193009
7193011
7193012
7193013
7193014
7193015
7193016
7193017
7193018
7193019
7193020
7193021
7193025
7193026
7193027
7193028
7193201
7193202
7193203
7193204
7193205
7193206
7193207
7193208
7193209
7193210
7193211
7193401
7193402
7193403
7193404
7193405
7193406
7193407
7193408
7193409
7193410
7194001
7194003
7194004
7194005
7194006
7194007
7194008
7194009
7194010
7194011
7194012
7194013
7194014
7194015
7194016
7194017
7194018
7196060
7197060
7197190
7197192
7197193
7197194
7197195
7197196
7197197
7198060
7198061
7341001
7341002
7341003
7350001
7350002
7350005
7350010
7350011
7350012
7350015
7350016
7350017
7350018
7350019
7350025
7350026
7350027
7350028
7350035
7350038
7350039
7350040
7350041
7350042
7350043
7350044
7350045
7350046
7350047
7350048
7350050
7350055
7350056
7350065
7350066
7350070
7350071
7350072
7350073
7350074
7350075
7350076
7350077
7350078
7350080
7350090
7600000
7600001
7600002
7600003
7600011
7600012
7600013
7600014
7600015
7600016
7600017
7600018
7600019
7600020
7600021
7600022
7600023
7600025
7600030
7600040
7600041
7600050
7600051
7600052
7600053
7600054
7600055
7600056
7600057
7600058
7600059
7600060
7600061
7600062
7600063
7600065
7600066
7600070
7600080
7600301
7600302
7600303
7600304
7600305
7600306
7600307
7600308
7600309
7600310
7600311
7600312
7600313
7600314
7600315
7600316
7600317
7600318
7600319
7600322
7600323
7600324
7600325
7600326
7600330
7600331
7600332
7600333
7600334
7600335
7600336
7600337
7600338
7600339
7600340
7600348
7600349
7600350
7600380
7600381
7600382
7600383
7600384
7600385
7600386
7600400
7600401
7600402
7600403
7600404
7600405
7600406
7600407
7600408
7600409
7600410
7600411
7600412
7600413
7600414
7600415
7600416
7600417
7600418
7600419
7600420
7600421
7600422
7600423
7600424
7600425
7600426
7600450
7600451
7600452
7600453
7600454
7600455
7600480
7600481
7600482
7600483
7600484
7600485
7600486
7600487
7600488
7600489
7600490
7600491
7600492
7600493
7600501
7600502
7600503
7600504
7600505
7600506
7600507
7600508
7600510
7600511
7600522
7600530
7600531
7600532
7600533
7600540
7600541
7600542
7600543
7600545
7600546
7600547
7600548
7600550
7600551
7600552
7600553
7600554
7600555
7600556
7600560
7600561
7600610
7600611
7600612
7601001
7601002
7601011
7601012
7601013
7601014
7601015
7601016
7601017
7601018
7601019
7601020
7601021
7601022
7601023
7601024
7601025
7601030
7601040
7601051
7601052
7601053
7601054
7601055
7601056
7601057
7601058
7601059
7601060
7601061
7601062
7601063
7601064
7601065
7601070
7601500
7601501
7601502
7601511
7601521
7601522
7601523
7601531
7601532
7601541
7601542
7601551
7601561
7601571
7601581
7604200
7604210
7604211
700000000
700000001